"DENOMINAZI","classi_eta","ita_f","ita_m","stran_f","stran_m","fem","man","totage","femASL","manASL","sumgenASL","sumageASL","hpt_fem","hpt_male","hpt","nohpt","hptASL","nohptASL","sumhptASL","hf_fem","hf_male","hf","nohf","hfASL","nohfASL","sumhfASL"
"FROSINONE","""00_04""",8065,8295,600,603,8665,8898,17563,250758,243308,494066,494066,6,4,10,17553,116071,377995,494066,9,5,14,17549,7927,486139,494066
"FROSINONE","""05_09""",9711,9980,623,671,10334,10651,20985,250758,243308,494066,494066,6,7,13,20972,116071,377995,494066,0,0,0,20985,7927,486139,494066
"FROSINONE","""10_14""",10330,11013,600,640,10930,11653,22583,250758,243308,494066,494066,11,24,35,22548,116071,377995,494066,0,0,0,22583,7927,486139,494066
"FROSINONE","""15_19""",10304,10898,510,581,10814,11479,22293,250758,243308,494066,494066,22,33,55,22238,116071,377995,494066,0,0,0,22293,7927,486139,494066
"FROSINONE","""20_24""",10468,12038,691,1425,11159,13463,24622,250758,243308,494066,494066,31,47,78,24544,116071,377995,494066,0,10,10,24612,7927,486139,494066
"FROSINONE","""25_29""",11736,12779,896,1467,12632,14246,26878,250758,243308,494066,494066,40,68,108,26770,116071,377995,494066,0,8,8,26870,7927,486139,494066
"FROSINONE","""30_34""",12962,13914,1157,1403,14119,15317,29436,250758,243308,494066,494066,87,188,275,29161,116071,377995,494066,0,12,12,29424,7927,486139,494066
"FROSINONE","""35_39""",13980,14668,1182,1265,15162,15933,31095,250758,243308,494066,494066,243,397,640,30455,116071,377995,494066,0,12,12,31083,7927,486139,494066
"FROSINONE","""40_44""",15766,15787,1149,1126,16915,16913,33828,250758,243308,494066,494066,624,1064,1688,32140,116071,377995,494066,9,36,45,33783,7927,486139,494066
"FROSINONE","""45_49""",17862,17530,1092,866,18954,18396,37350,250758,243308,494066,494066,1642,2384,4026,33324,116071,377995,494066,29,59,88,37262,7927,486139,494066
"FROSINONE","""50_54""",18569,17971,1028,709,19597,18680,38277,250758,243308,494066,494066,3396,4094,7490,30787,116071,377995,494066,51,117,168,38109,7927,486139,494066
"FROSINONE","""55_59""",18938,17851,672,430,19610,18281,37891,250758,243308,494066,494066,5379,6068,11447,26444,116071,377995,494066,84,239,323,37568,7927,486139,494066
"FROSINONE","""60_64""",17348,16371,541,298,17889,16669,34558,250758,243308,494066,494066,6994,7206,14200,20358,116071,377995,494066,163,365,528,34030,7927,486139,494066
"FROSINONE","""65_69""",15878,15072,351,177,16229,15249,31478,250758,243308,494066,494066,8233,8300,16533,14945,116071,377995,494066,289,442,731,30747,7927,486139,494066
"FROSINONE","""70_74""",15446,14546,222,93,15668,14639,30307,250758,243308,494066,494066,9861,9226,19087,11220,116071,377995,494066,507,658,1165,29142,7927,486139,494066
"FROSINONE","""75_79""",10691,9108,93,52,10784,9160,19944,250758,243308,494066,494066,7646,6309,13955,5989,116071,377995,494066,540,580,1120,18824,7927,486139,494066
"FROSINONE","""80_84""",9739,7447,57,46,9796,7493,17289,250758,243308,494066,494066,7439,5386,12825,4464,116071,377995,494066,797,707,1504,15785,7927,486139,494066
"FROSINONE","""85_100""",11461,6167,40,21,11501,6188,17689,250758,243308,494066,494066,9003,4603,13606,4083,116071,377995,494066,1436,763,2199,15490,7927,486139,494066
"LATINA","""00_04""",10466,11133,1540,1711,12006,12844,24850,310233,309924,620157,620157,5,6,11,24839,121945,498212,620157,0,0,0,24850,9701,610456,620157
"LATINA","""05_09""",12414,13133,1585,1786,13999,14919,28918,310233,309924,620157,620157,10,11,21,28897,121945,498212,620157,0,4,4,28914,9701,610456,620157
"LATINA","""10_14""",13526,14205,1357,1500,14883,15705,30588,310233,309924,620157,620157,21,31,52,30536,121945,498212,620157,5,5,10,30578,9701,610456,620157
"LATINA","""15_19""",13202,13819,1072,1242,14274,15061,29335,310233,309924,620157,620157,25,51,76,29259,121945,498212,620157,4,4,8,29327,9701,610456,620157
"LATINA","""20_24""",13275,15034,1149,2129,14424,17163,31587,310233,309924,620157,620157,41,70,111,31476,121945,498212,620157,0,9,9,31578,9701,610456,620157
"LATINA","""25_29""",14285,15742,1657,2482,15942,18224,34166,310233,309924,620157,620157,48,80,128,34038,121945,498212,620157,4,9,13,34153,9701,610456,620157
"LATINA","""30_34""",15892,16637,2483,3184,18375,19821,38196,310233,309924,620157,620157,108,164,272,37924,121945,498212,620157,10,14,24,38172,9701,610456,620157
"LATINA","""35_39""",16731,18233,2612,3749,19343,21982,41325,310233,309924,620157,620157,277,443,720,40605,121945,498212,620157,17,24,41,41284,9701,610456,620157
"LATINA","""40_44""",19231,20097,2639,3571,21870,23668,45538,310233,309924,620157,620157,669,1118,1787,43751,121945,498212,620157,21,40,61,45477,9701,610456,620157
"LATINA","""45_49""",22927,23286,2379,2882,25306,26168,51474,310233,309924,620157,620157,1734,2608,4342,47132,121945,498212,620157,34,106,140,51334,9701,610456,620157
"LATINA","""50_54""",23437,22965,2106,2186,25543,25151,50694,310233,309924,620157,620157,3457,4453,7910,42784,121945,498212,620157,86,179,265,50429,9701,610456,620157
"LATINA","""55_59""",22632,21877,1333,1152,23965,23029,46994,310233,309924,620157,620157,5462,6545,12007,34987,121945,498212,620157,162,302,464,46530,9701,610456,620157
"LATINA","""60_64""",19289,18014,941,692,20230,18706,38936,310233,309924,620157,620157,6868,7471,14339,24597,121945,498212,620157,223,387,610,38326,9701,610456,620157
"LATINA","""65_69""",16998,15910,466,326,17464,16236,33700,310233,309924,620157,620157,8288,8428,16716,16984,121945,498212,620157,326,563,889,32811,9701,610456,620157
"LATINA","""70_74""",17217,15503,285,147,17502,15650,33152,310233,309924,620157,620157,10276,9534,19810,13342,121945,498212,620157,573,787,1360,31792,9701,610456,620157
"LATINA","""75_79""",12445,10543,112,64,12557,10607,23164,310233,309924,620157,620157,8613,7126,15739,7425,121945,498212,620157,726,741,1467,21697,9701,610456,620157
"LATINA","""80_84""",11085,8476,79,38,11164,8514,19678,310233,309924,620157,620157,8347,6086,14433,5245,121945,498212,620157,976,857,1833,17845,9701,610456,620157
"LATINA","""85_100""",11334,6446,52,30,11386,6476,17862,310233,309924,620157,620157,8785,4686,13471,4391,121945,498212,620157,1587,916,2503,15359,9701,610456,620157
"RIETI","""00_04""",2147,2446,255,309,2402,2755,5157,82212,82150,164362,164362,0,0,0,5157,37389,126973,164362,0,0,0,5157,3290,161072,164362
"RIETI","""05_09""",2662,2864,299,336,2961,3200,6161,82212,82150,164362,164362,0,0,0,6161,37389,126973,164362,0,0,0,6161,3290,161072,164362
"RIETI","""10_14""",3045,3216,297,316,3342,3532,6874,82212,82150,164362,164362,0,6,6,6868,37389,126973,164362,0,0,0,6874,3290,161072,164362
"RIETI","""15_19""",3051,3445,249,326,3300,3771,7071,82212,82150,164362,164362,10,19,29,7042,37389,126973,164362,0,0,0,7071,3290,161072,164362
"RIETI","""20_24""",3326,3693,300,609,3626,4302,7928,82212,82150,164362,164362,0,8,8,7920,37389,126973,164362,0,0,0,7928,3290,161072,164362
"RIETI","""25_29""",3583,4372,414,836,3997,5208,9205,82212,82150,164362,164362,5,28,33,9172,37389,126973,164362,0,0,0,9205,3290,161072,164362
"RIETI","""30_34""",3757,4318,538,894,4295,5212,9507,82212,82150,164362,164362,28,50,78,9429,37389,126973,164362,0,6,6,9501,3290,161072,164362
"RIETI","""35_39""",3975,4355,628,775,4603,5130,9733,82212,82150,164362,164362,56,129,185,9548,37389,126973,164362,0,5,5,9728,3290,161072,164362
"RIETI","""40_44""",4753,4866,679,673,5432,5539,10971,82212,82150,164362,164362,217,294,511,10460,37389,126973,164362,4,11,15,10956,3290,161072,164362
"RIETI","""45_49""",5672,5690,713,567,6385,6257,12642,82212,82150,164362,164362,464,720,1184,11458,37389,126973,164362,17,21,38,12604,3290,161072,164362
"RIETI","""50_54""",6128,5972,669,489,6797,6461,13258,82212,82150,164362,164362,954,1317,2271,10987,37389,126973,164362,21,41,62,13196,3290,161072,164362
"RIETI","""55_59""",6328,6253,495,298,6823,6551,13374,82212,82150,164362,164362,1608,2042,3650,9724,37389,126973,164362,34,94,128,13246,3290,161072,164362
"RIETI","""60_64""",5598,5385,384,172,5982,5557,11539,82212,82150,164362,164362,1975,2296,4271,7268,37389,126973,164362,65,123,188,11351,3290,161072,164362
"RIETI","""65_69""",5064,4971,225,104,5289,5075,10364,82212,82150,164362,164362,2335,2588,4923,5441,37389,126973,164362,96,191,287,10077,3290,161072,164362
"RIETI","""70_74""",5006,4838,137,61,5143,4899,10042,82212,82150,164362,164362,2915,2948,5863,4179,37389,126973,164362,170,274,444,9598,3290,161072,164362
"RIETI","""75_79""",3789,3478,62,34,3851,3512,7363,82212,82150,164362,164362,2556,2334,4890,2473,37389,126973,164362,206,292,498,6865,3290,161072,164362
"RIETI","""80_84""",3705,2802,34,15,3739,2817,6556,82212,82150,164362,164362,2705,1966,4671,1885,37389,126973,164362,366,307,673,5883,3290,161072,164362
"RIETI","""85_100""",4225,2365,20,7,4245,2372,6617,82212,82150,164362,164362,3118,1698,4816,1801,37389,126973,164362,607,339,946,5671,3290,161072,164362
"ROMA 1","""00_04""",16585,17494,2430,2527,19015,20021,39036,599352,524383,1123735,1123735,8,6,14,39022,190739,932996,1123735,7,10,17,39019,15951,1107784,1123735
"ROMA 1","""05_09""",20150,21550,2933,3186,23083,24736,47819,599352,524383,1123735,1123735,17,25,42,47777,190739,932996,1123735,4,0,4,47815,15951,1107784,1123735
"ROMA 1","""10_14""",22467,23877,2747,2957,25214,26834,52048,599352,524383,1123735,1123735,16,46,62,51986,190739,932996,1123735,0,0,0,52048,15951,1107784,1123735
"ROMA 1","""15_19""",22384,23406,2213,2528,24597,25934,50531,599352,524383,1123735,1123735,40,70,110,50421,190739,932996,1123735,8,8,16,50515,15951,1107784,1123735
"ROMA 1","""20_24""",21246,22704,2019,2691,23265,25395,48660,599352,524383,1123735,1123735,46,92,138,48522,190739,932996,1123735,7,9,16,48644,15951,1107784,1123735
"ROMA 1","""25_29""",22739,24008,3345,3999,26084,28007,54091,599352,524383,1123735,1123735,51,124,175,53916,190739,932996,1123735,8,18,26,54065,15951,1107784,1123735
"ROMA 1","""30_34""",25478,25326,5175,5398,30653,30724,61377,599352,524383,1123735,1123735,123,199,322,61055,190739,932996,1123735,19,15,34,61343,15951,1107784,1123735
"ROMA 1","""35_39""",29493,28068,7007,7252,36500,35320,71820,599352,524383,1123735,1123735,247,523,770,71050,190739,932996,1123735,9,29,38,71782,15951,1107784,1123735
"ROMA 1","""40_44""",34333,31281,8083,7468,42416,38749,81165,599352,524383,1123735,1123735,734,1364,2098,79067,190739,932996,1123735,29,57,86,81079,15951,1107784,1123735
"ROMA 1","""45_49""",42546,37423,8197,6614,50743,44037,94780,599352,524383,1123735,1123735,2011,3179,5190,89590,190739,932996,1123735,52,132,184,94596,15951,1107784,1123735
"ROMA 1","""50_54""",46163,40009,8260,5454,54423,45463,99886,599352,524383,1123735,1123735,4456,5884,10340,89546,190739,932996,1123735,86,242,328,99558,15951,1107784,1123735
"ROMA 1","""55_59""",45148,39420,6797,4047,51945,43467,95412,599352,524383,1123735,1123735,7254,9501,16755,78657,190739,932996,1123735,197,441,638,94774,15951,1107784,1123735
"ROMA 1","""60_64""",37402,31838,5394,2694,42796,34532,77328,599352,524383,1123735,1123735,9420,11052,20472,56856,190739,932996,1123735,297,592,889,76439,15951,1107784,1123735
"ROMA 1","""65_69""",31707,25722,3378,1579,35085,27301,62386,599352,524383,1123735,1123735,11342,11852,23194,39192,190739,932996,1123735,458,793,1251,61135,15951,1107784,1123735
"ROMA 1","""70_74""",30205,23065,1796,841,32001,23906,55907,599352,524383,1123735,1123735,14268,12871,27139,28768,190739,932996,1123735,709,1120,1829,54078,15951,1107784,1123735
"ROMA 1","""75_79""",26728,18935,938,454,27666,19389,47055,599352,524383,1123735,1123735,15407,11780,27187,19868,190739,932996,1123735,1152,1305,2457,44598,15951,1107784,1123735
"ROMA 1","""80_84""",24704,16253,519,256,25223,16509,41732,599352,524383,1123735,1123735,16370,10990,27360,14372,190739,932996,1123735,1629,1481,3110,38622,15951,1107784,1123735
"ROMA 1","""85_100""",28188,13866,455,193,28643,14059,42702,599352,524383,1123735,1123735,19800,9571,29371,13331,190739,932996,1123735,3208,1820,5028,37674,15951,1107784,1123735
"ROMA 2","""00_04""",22905,23817,4004,4187,26909,28004,54913,721182,673619,1394801,1394801,13,22,35,54878,260122,1134679,1394801,15,14,29,54884,20488,1374313,1394801
"ROMA 2","""05_09""",27039,28319,4511,4609,31550,32928,64478,721182,673619,1394801,1394801,30,36,66,64412,260122,1134679,1394801,6,7,13,64465,20488,1374313,1394801
"ROMA 2","""10_14""",28765,30808,3834,4081,32599,34889,67488,721182,673619,1394801,1394801,40,56,96,67392,260122,1134679,1394801,0,10,10,67478,20488,1374313,1394801
"ROMA 2","""15_19""",27819,29530,2696,3049,30515,32579,63094,721182,673619,1394801,1394801,52,126,178,62916,260122,1134679,1394801,0,15,15,63079,20488,1374313,1394801
"ROMA 2","""20_24""",26633,29717,2376,3864,29009,33581,62590,721182,673619,1394801,1394801,60,126,186,62404,260122,1134679,1394801,9,16,25,62565,20488,1374313,1394801
"ROMA 2","""25_29""",29377,32012,4543,5882,33920,37894,71814,721182,673619,1394801,1394801,82,159,241,71573,260122,1134679,1394801,10,15,25,71789,20488,1374313,1394801
"ROMA 2","""30_34""",34095,35239,6875,7792,40970,43031,84001,721182,673619,1394801,1394801,181,377,558,83443,260122,1134679,1394801,7,31,38,83963,20488,1374313,1394801
"ROMA 2","""35_39""",38838,39348,7856,9812,46694,49160,95854,721182,673619,1394801,1394801,472,927,1399,94455,260122,1134679,1394801,26,39,65,95789,20488,1374313,1394801
"ROMA 2","""40_44""",43839,43939,8158,9901,51997,53840,105837,721182,673619,1394801,1394801,1243,2304,3547,102290,260122,1134679,1394801,37,91,128,105709,20488,1374313,1394801
"ROMA 2","""45_49""",52129,49501,7670,7742,59799,57243,117042,721182,673619,1394801,1394801,3112,5087,8199,108843,260122,1134679,1394801,73,190,263,116779,20488,1374313,1394801
"ROMA 2","""50_54""",53469,49678,7301,5824,60770,55502,116272,721182,673619,1394801,1394801,6346,8913,15259,101013,260122,1134679,1394801,161,331,492,115780,20488,1374313,1394801
"ROMA 2","""55_59""",53430,48542,5491,3628,58921,52170,111091,721182,673619,1394801,1394801,10667,13887,24554,86537,260122,1134679,1394801,262,541,803,110288,20488,1374313,1394801
"ROMA 2","""60_64""",44958,39113,4166,2220,49124,41333,90457,721182,673619,1394801,1394801,13728,15785,29513,60944,260122,1134679,1394801,390,824,1214,89243,20488,1374313,1394801
"ROMA 2","""65_69""",38090,32433,2409,1217,40499,33650,74149,721182,673619,1394801,1394801,16329,16806,33135,41014,260122,1134679,1394801,617,1067,1684,72465,20488,1374313,1394801
"ROMA 2","""70_74""",35692,28876,1199,620,36891,29496,66387,721182,673619,1394801,1394801,19711,17708,37419,28968,260122,1134679,1394801,979,1399,2378,64009,20488,1374313,1394801
"ROMA 2","""75_79""",30114,22756,545,257,30659,23013,53672,721182,673619,1394801,1394801,19812,15624,35436,18236,260122,1134679,1394801,1459,1535,2994,50678,20488,1374313,1394801
"ROMA 2","""80_84""",28626,19132,285,134,28911,19266,48177,721182,673619,1394801,1394801,20906,13872,34778,13399,260122,1134679,1394801,2164,1826,3990,44187,20488,1374313,1394801
"ROMA 2","""85_100""",31243,15946,202,94,31445,16040,47485,721182,673619,1394801,1394801,23705,11818,35523,11962,260122,1134679,1394801,4051,2271,6322,41163,20488,1374313,1394801
"ROMA 3","""00_04""",10165,10931,1582,1659,11747,12590,24337,344470,314855,659325,659325,7,4,11,24326,117242,542083,659325,6,7,13,24324,9141,650184,659325
"ROMA 3","""05_09""",13275,13735,1837,1938,15112,15673,30785,344470,314855,659325,659325,14,16,30,30755,117242,542083,659325,0,0,0,30785,9141,650184,659325
"ROMA 3","""10_14""",14753,15593,1653,1777,16406,17370,33776,344470,314855,659325,659325,22,25,47,33729,117242,542083,659325,4,4,8,33768,9141,650184,659325
"ROMA 3","""15_19""",14034,15135,1272,1441,15306,16576,31882,344470,314855,659325,659325,30,55,85,31797,117242,542083,659325,0,0,0,31882,9141,650184,659325
"ROMA 3","""20_24""",13177,14554,1179,1709,14356,16263,30619,344470,314855,659325,659325,28,72,100,30519,117242,542083,659325,4,14,18,30601,9141,650184,659325
"ROMA 3","""25_29""",13323,14124,1835,2210,15158,16334,31492,344470,314855,659325,659325,37,69,106,31386,117242,542083,659325,7,6,13,31479,9141,650184,659325
"ROMA 3","""30_34""",14551,14727,2844,2921,17395,17648,35043,344470,314855,659325,659325,58,163,221,34822,117242,542083,659325,5,11,16,35027,9141,650184,659325
"ROMA 3","""35_39""",16823,16507,3665,4021,20488,20528,41016,344470,314855,659325,659325,183,343,526,40490,117242,542083,659325,5,16,21,40995,9141,650184,659325
"ROMA 3","""40_44""",20974,19508,4047,4214,25021,23722,48743,344470,314855,659325,659325,461,845,1306,47437,117242,542083,659325,12,28,40,48703,9141,650184,659325
"ROMA 3","""45_49""",26699,24504,4015,3371,30714,27875,58589,344470,314855,659325,659325,1548,2215,3763,54826,117242,542083,659325,26,82,108,58481,9141,650184,659325
"ROMA 3","""50_54""",27897,25646,3870,2721,31767,28367,60134,344470,314855,659325,659325,3109,4260,7369,52765,117242,542083,659325,63,163,226,59908,9141,650184,659325
"ROMA 3","""55_59""",25713,24264,2746,1752,28459,26016,54475,344470,314855,659325,659325,4838,6303,11141,43334,117242,542083,659325,104,305,409,54066,9141,650184,659325
"ROMA 3","""60_64""",20498,18081,2152,1150,22650,19231,41881,344470,314855,659325,659325,5896,6782,12678,29203,117242,542083,659325,168,374,542,41339,9141,650184,659325
"ROMA 3","""65_69""",17186,14588,1247,601,18433,15189,33622,344470,314855,659325,659325,6804,7187,13991,19631,117242,542083,659325,226,464,690,32932,9141,650184,659325
"ROMA 3","""70_74""",16967,13021,650,288,17617,13309,30926,344470,314855,659325,659325,8907,7618,16525,14401,117242,542083,659325,391,661,1052,29874,9141,650184,659325
"ROMA 3","""75_79""",15275,10963,330,128,15605,11091,26696,344470,314855,659325,659325,9716,7296,17012,9684,117242,542083,659325,708,766,1474,25222,9141,650184,659325
"ROMA 3","""80_84""",14003,9583,167,67,14170,9650,23820,344470,314855,659325,659325,9928,6789,16717,7103,117242,542083,659325,1015,873,1888,21932,9141,650184,659325
"ROMA 3","""85_100""",13940,7374,126,49,14066,7423,21489,344470,314855,659325,659325,10197,5417,15614,5875,117242,542083,659325,1603,1020,2623,18866,9141,650184,659325
"ROMA 4","""00_04""",5320,5812,813,886,6133,6698,12831,183637,175639,359276,359276,6,0,6,12825,64012,295264,359276,6,7,13,12818,4695,354581,359276
"ROMA 4","""05_09""",7184,7572,1052,1139,8236,8711,16947,183637,175639,359276,359276,0,4,4,16943,64012,295264,359276,0,0,0,16947,4695,354581,359276
"ROMA 4","""10_14""",8033,8482,1041,1073,9074,9555,18629,183637,175639,359276,359276,12,7,19,18610,64012,295264,359276,0,0,0,18629,4695,354581,359276
"ROMA 4","""15_19""",7741,8344,779,867,8520,9211,17731,183637,175639,359276,359276,14,33,47,17684,64012,295264,359276,0,0,0,17731,4695,354581,359276
"ROMA 4","""20_24""",7522,8218,695,928,8217,9146,17363,183637,175639,359276,359276,19,33,52,17311,64012,295264,359276,0,0,0,17363,4695,354581,359276
"ROMA 4","""25_29""",7418,7928,931,1063,8349,8991,17340,183637,175639,359276,359276,28,42,70,17270,64012,295264,359276,0,5,5,17335,4695,354581,359276
"ROMA 4","""30_34""",8412,8291,1722,1528,10134,9819,19953,183637,175639,359276,359276,55,73,128,19825,64012,295264,359276,0,5,5,19948,4695,354581,359276
"ROMA 4","""35_39""",9317,9146,1996,1825,11313,10971,22284,183637,175639,359276,359276,113,169,282,22002,64012,295264,359276,6,8,14,22270,4695,354581,359276
"ROMA 4","""40_44""",11449,11106,2354,2218,13803,13324,27127,183637,175639,359276,359276,305,525,830,26297,64012,295264,359276,7,19,26,27101,4695,354581,359276
"ROMA 4","""45_49""",14147,13362,2214,1922,16361,15284,31645,183637,175639,359276,359276,891,1290,2181,29464,64012,295264,359276,22,48,70,31575,4695,354581,359276
"ROMA 4","""50_54""",14773,14268,2125,1683,16898,15951,32849,183637,175639,359276,359276,1855,2530,4385,28464,64012,295264,359276,31,96,127,32722,4695,354581,359276
"ROMA 4","""55_59""",13929,13659,1253,1013,15182,14672,29854,183637,175639,359276,359276,2793,3793,6586,23268,64012,295264,359276,61,164,225,29629,4695,354581,359276
"ROMA 4","""60_64""",11169,10929,948,636,12117,11565,23682,183637,175639,359276,359276,3476,4187,7663,16019,64012,295264,359276,82,234,316,23366,4695,354581,359276
"ROMA 4","""65_69""",9552,8927,498,316,10050,9243,19293,183637,175639,359276,359276,3999,4441,8440,10853,64012,295264,359276,161,300,461,18832,4695,354581,359276
"ROMA 4","""70_74""",8853,7892,276,171,9129,8063,17192,183637,175639,359276,359276,4869,4784,9653,7539,64012,295264,359276,262,400,662,16530,4695,354581,359276
"ROMA 4","""75_79""",7517,6251,143,70,7660,6321,13981,183637,175639,359276,359276,4884,4183,9067,4914,64012,295264,359276,378,424,802,13179,4695,354581,359276
"ROMA 4","""80_84""",6176,4755,92,46,6268,4801,11069,183637,175639,359276,359276,4402,3352,7754,3315,64012,295264,359276,443,441,884,10185,4695,354581,359276
"ROMA 4","""85_100""",6146,3288,47,25,6193,3313,9506,183637,175639,359276,359276,4460,2385,6845,2661,64012,295264,359276,688,397,1085,8421,4695,354581,359276
"ROMA 5","""00_04""",9098,9631,1582,1707,10680,11338,22018,277664,272590,550254,550254,4,5,9,22009,104506,445748,550254,0,5,5,22013,7869,542385,550254
"ROMA 5","""05_09""",11229,12162,1824,2071,13053,14233,27286,277664,272590,550254,550254,13,19,32,27254,104506,445748,550254,0,0,0,27286,7869,542385,550254
"ROMA 5","""10_14""",12611,13261,1830,1905,14441,15166,29607,277664,272590,550254,550254,23,19,42,29565,104506,445748,550254,0,4,4,29603,7869,542385,550254
"ROMA 5","""15_19""",11857,12914,1330,1464,13187,14378,27565,277664,272590,550254,550254,23,49,72,27493,104506,445748,550254,0,5,5,27560,7869,542385,550254
"ROMA 5","""20_24""",11409,12521,1176,1614,12585,14135,26720,277664,272590,550254,550254,35,49,84,26636,104506,445748,550254,5,5,10,26710,7869,542385,550254
"ROMA 5","""25_29""",12040,12883,1730,1856,13770,14739,28509,277664,272590,550254,550254,36,72,108,28401,104506,445748,550254,0,5,5,28504,7869,542385,550254
"ROMA 5","""30_34""",13866,14280,2574,2728,16440,17008,33448,277664,272590,550254,550254,107,152,259,33189,104506,445748,550254,4,13,17,33431,7869,542385,550254
"ROMA 5","""35_39""",15243,15765,3139,3444,18382,19209,37591,277664,272590,550254,550254,242,438,680,36911,104506,445748,550254,10,18,28,37563,7869,542385,550254
"ROMA 5","""40_44""",17572,17683,3382,3665,20954,21348,42302,277664,272590,550254,550254,685,1050,1735,40567,104506,445748,550254,15,31,46,42256,7869,542385,550254
"ROMA 5","""45_49""",20429,20355,3088,3063,23517,23418,46935,277664,272590,550254,550254,1652,2392,4044,42891,104506,445748,550254,24,88,112,46823,7869,542385,550254
"ROMA 5","""50_54""",21172,20669,2885,2596,24057,23265,47322,277664,272590,550254,550254,3251,4257,7508,39814,104506,445748,550254,69,147,216,47106,7869,542385,550254
"ROMA 5","""55_59""",20128,19653,1609,1340,21737,20993,42730,277664,272590,550254,550254,4993,6183,11176,31554,104506,445748,550254,116,261,377,42353,7869,542385,550254
"ROMA 5","""60_64""",16893,16347,1205,838,18098,17185,35283,277664,272590,550254,550254,6164,7108,13272,22011,104506,445748,550254,159,387,546,34737,7869,542385,550254
"ROMA 5","""65_69""",14378,13632,597,419,14975,14051,29026,277664,272590,550254,550254,7199,7486,14685,14341,104506,445748,550254,267,496,763,28263,7869,542385,550254
"ROMA 5","""70_74""",13082,11984,331,174,13413,12158,25571,277664,272590,550254,550254,8059,7593,15652,9919,104506,445748,550254,446,619,1065,24506,7869,542385,550254
"ROMA 5","""75_79""",10121,8434,132,75,10253,8509,18762,277664,272590,550254,550254,7156,5869,13025,5737,104506,445748,550254,627,615,1242,17520,7869,542385,550254
"ROMA 5","""80_84""",8825,6635,80,32,8905,6667,15572,277664,272590,550254,550254,6707,4859,11566,4006,104506,445748,550254,803,711,1514,14058,7869,542385,550254
"ROMA 5","""85_100""",9163,4765,54,25,9217,4790,14007,277664,272590,550254,550254,7047,3510,10557,3450,104506,445748,550254,1255,659,1914,12093,7869,542385,550254
"ROMA 6","""00_04""",10255,10749,1420,1442,11675,12191,23866,318332,310109,628441,628441,6,7,13,23853,115049,513392,628441,6,7,13,23853,9449,618992,628441
"ROMA 6","""05_09""",12807,13613,1596,1795,14403,15408,29811,318332,310109,628441,628441,9,20,29,29782,115049,513392,628441,4,0,4,29807,9449,618992,628441
"ROMA 6","""10_14""",14474,15404,1534,1662,16008,17066,33074,318332,310109,628441,628441,17,26,43,33031,115049,513392,628441,0,0,0,33074,9449,618992,628441
"ROMA 6","""15_19""",13807,14645,1082,1290,14889,15935,30824,318332,310109,628441,628441,28,54,82,30742,115049,513392,628441,0,5,5,30819,9449,618992,628441
"ROMA 6","""20_24""",13252,14186,973,1435,14225,15621,29846,318332,310109,628441,628441,37,43,80,29766,115049,513392,628441,5,4,9,29837,9449,618992,628441
"ROMA 6","""25_29""",13471,14293,1501,1860,14972,16153,31125,318332,310109,628441,628441,42,81,123,31002,115049,513392,628441,6,7,13,31112,9449,618992,628441
"ROMA 6","""30_34""",15378,15843,2572,2797,17950,18640,36590,318332,310109,628441,628441,96,161,257,36333,115049,513392,628441,9,17,26,36564,9449,618992,628441
"ROMA 6","""35_39""",17196,17968,3025,3702,20221,21670,41891,318332,310109,628441,628441,202,400,602,41289,115049,513392,628441,12,24,36,41855,9449,618992,628441
"ROMA 6","""40_44""",20453,20330,3463,3743,23916,24073,47989,318332,310109,628441,628441,659,964,1623,46366,115049,513392,628441,15,34,49,47940,9449,618992,628441
"ROMA 6","""45_49""",24581,24261,3244,3204,27825,27465,55290,318332,310109,628441,628441,1551,2499,4050,51240,115049,513392,628441,35,87,122,55168,9449,618992,628441
"ROMA 6","""50_54""",24792,24243,2913,2557,27705,26800,54505,318332,310109,628441,628441,3158,4432,7590,46915,115049,513392,628441,81,192,273,54232,9449,618992,628441
"ROMA 6","""55_59""",23553,23045,1880,1515,25433,24560,49993,318332,310109,628441,628441,5196,6695,11891,38102,115049,513392,628441,130,326,456,49537,9449,618992,628441
"ROMA 6","""60_64""",19941,18865,1368,994,21309,19859,41168,318332,310109,628441,628441,6488,7597,14085,27083,115049,513392,628441,240,480,720,40448,9449,618992,628441
"ROMA 6","""65_69""",17158,15669,746,470,17904,16139,34043,318332,310109,628441,628441,7805,8171,15976,18067,115049,513392,628441,310,578,888,33155,9449,618992,628441
"ROMA 6","""70_74""",15734,14229,374,204,16108,14433,30541,318332,310109,628441,628441,9000,8822,17822,12719,115049,513392,628441,546,789,1335,29206,9449,618992,628441
"ROMA 6","""75_79""",12451,10536,159,100,12610,10636,23246,318332,310109,628441,628441,8447,7180,15627,7619,115049,513392,628441,689,828,1517,21729,9449,618992,628441
"ROMA 6","""80_84""",10587,7770,105,63,10692,7833,18525,318332,310109,628441,628441,7701,5547,13248,5277,115049,513392,628441,898,802,1700,16825,9449,618992,628441
"ROMA 6","""85_100""",10401,5587,86,40,10487,5627,16114,318332,310109,628441,628441,7811,4097,11908,4206,115049,513392,628441,1453,830,2283,13831,9449,618992,628441
"VITERBO","""00_04""",4765,5081,749,863,5514,5944,11458,172137,166470,338607,338607,0,6,6,11452,66370,272237,338607,4,5,9,11449,5415,333192,338607
"VITERBO","""05_09""",5990,6226,822,855,6812,7081,13893,172137,166470,338607,338607,6,7,13,13880,66370,272237,338607,0,0,0,13893,5415,333192,338607
"VITERBO","""10_14""",6623,7075,753,810,7376,7885,15261,172137,166470,338607,338607,7,13,20,15241,66370,272237,338607,0,0,0,15261,5415,333192,338607
"VITERBO","""15_19""",6535,6934,661,644,7196,7578,14774,172137,166470,338607,338607,11,16,27,14747,66370,272237,338607,0,0,0,14774,5415,333192,338607
"VITERBO","""20_24""",6662,7299,685,1026,7347,8325,15672,172137,166470,338607,338607,8,21,29,15643,66370,272237,338607,0,0,0,15672,5415,333192,338607
"VITERBO","""25_29""",6906,7735,960,1247,7866,8982,16848,172137,166470,338607,338607,13,28,41,16807,66370,272237,338607,0,0,0,16848,5415,333192,338607
"VITERBO","""30_34""",7919,8378,1432,1498,9351,9876,19227,172137,166470,338607,338607,31,60,91,19136,66370,272237,338607,4,0,4,19223,5415,333192,338607
"VITERBO","""35_39""",9039,9082,1612,1673,10651,10755,21406,172137,166470,338607,338607,90,202,292,21114,66370,272237,338607,9,12,21,21385,5415,333192,338607
"VITERBO","""40_44""",10453,10668,1668,1651,12121,12319,24440,172137,166470,338607,338607,282,520,802,23638,66370,272237,338607,4,20,24,24416,5415,333192,338607
"VITERBO","""45_49""",12294,12326,1542,1479,13836,13805,27641,172137,166470,338607,338607,726,1262,1988,25653,66370,272237,338607,13,52,65,27576,5415,333192,338607
"VITERBO","""50_54""",12768,12407,1457,1189,14225,13596,27821,172137,166470,338607,338607,1573,2182,3755,24066,66370,272237,338607,35,71,106,27715,5415,333192,338607
"VITERBO","""55_59""",12676,12755,972,732,13648,13487,27135,172137,166470,338607,338607,2522,3486,6008,21127,66370,272237,338607,57,143,200,26935,5415,333192,338607
"VITERBO","""60_64""",11388,10855,788,510,12176,11365,23541,172137,166470,338607,338607,3337,4152,7489,16052,66370,272237,338607,87,239,326,23215,5415,333192,338607
"VITERBO","""65_69""",10456,9852,504,282,10960,10134,21094,172137,166470,338607,338607,4353,4805,9158,11936,66370,272237,338607,159,309,468,20626,5415,333192,338607
"VITERBO","""70_74""",9866,9193,274,144,10140,9337,19477,172137,166470,338607,338607,5282,5374,10656,8821,66370,272237,338607,295,461,756,18721,5415,333192,338607
"VITERBO","""75_79""",7961,6725,117,88,8078,6813,14891,172137,166470,338607,338607,5001,4369,9370,5521,66370,272237,338607,389,515,904,13987,5415,333192,338607
"VITERBO","""80_84""",7036,5160,76,46,7112,5206,12318,172137,166470,338607,338607,4872,3522,8394,3924,66370,272237,338607,527,503,1030,11288,5415,333192,338607
"VITERBO","""85_100""",7690,3959,38,23,7728,3982,11710,172137,166470,338607,338607,5446,2785,8231,3479,66370,272237,338607,939,563,1502,10208,5415,333192,338607
